0 153.929
5.12821 135.663
10.2564 119.565
15.3846 105.376
20.5128 92.8719
25.641 81.8512
30.7692 72.1383
35.8974 63.5779
41.0256 56.0334
46.1538 49.3842
51.2821 43.524
56.4103 38.3592
61.5385 33.8073
66.6667 29.7955
71.7949 26.2598
76.9231 23.1437
82.0513 20.3973
87.1795 17.9769
92.3077 15.8436
97.4359 13.9635
102.564 12.3065
107.692 10.8462
112.821 9.55911
117.949 8.42477
123.077 7.42504
128.205 6.54394
133.333 5.7674
138.462 5.08301
143.59 4.47983
148.718 3.94823
153.846 3.47971
158.974 3.06679
164.103 2.70287
169.231 2.38213
174.359 2.09945
179.487 1.85032
184.615 1.63075
189.744 1.43724
194.872 1.26669
200 1.11637
